numObs <- 42
n_shards <- 30
solve_time <- 
c(59, 69, 76, 88, 95, 102, 108, 109, 113,
119, 122, 124, 141, 156, 158, 183, 212, 217, 219, 235, 261,
270, 289, 291, 306, 442, 524, 563, 566, 731)
dpBMT <- 
c(18, 28, 35, 14, 47, 21, 28, 28, 28, 35, 14, 14,
78, 42, 82, 90, 98, 98, 105, 93, 118, 118, 154, 147, 147,
147, 154, 161, 163, 210, 181, 238, 190, 217, 217, 378, 434,
434, 476, 476, 644, 644)
ageAtBMT <- 
c(41, 41, 41, 74, 74, 74, 80, 74, 99, 41, 80,
42, 51, 58, 65, 65, 58, 70, 65, 74, 51, 89, 51, 101, 89, 64,
90, 87, 90, 87)
time_index <- 
c(1, 2, 3, 4, 4, 5, 6, 7, 7, 8, 9, 9, 10, 11,
12, 13, 14, 14, 14, 15, 16, 16, 17, 18, 18, 18, 19, 20, 20,
21, 22, 23, 24, 25, 25, 26, 27, 27, 28, 29, 30, 30)
counts <- 
c(2776954.07407408, 2813269.98296422,
1956543.55400697, 2823634.96688741, 3881487.6,
2757630.24232634, 2560983.78194207, 3369026.03036876,
3309458.59872611, 3359433.64667747, 4245686.9285406,
4581342.149308, 1948093.07142857, 2950179.85815603,
4255527.14723926, 2175676, 3054124.77707006,
2200924.5959596, 3744281.2788906, 3396507.36156352,
3610109.62230215, 3241648.15384615, 1430627.12369598,
4313590.38629627, 3605814.35133424, 2883328.42968208,
3118200.1875, 3198738.68852459, 5463471.49917628,
2238804.15466105, 4121914.53947369, 2492440.30381882,
2970301.33729569, 2407216.78321679, 1669081.78963893,
3856522.44140625, 3313237.73907118, 1678105.21427281,
722911.296992482, 1906727.65363128, 2689322.88343558,
1257854.53957997)
Nfd <- 
c(0.0117302645900201, 0.0748086191983142,
0.0833427664732847, 0.00506882966447942,
0.00403038217847112, 0.0463805451084472, 0.0629807420907239,
0.0774189253412509, 0.0802508405150932, 0.0949410361390829,
0.00405159366051888, 0.00507816991692762, 0.191771841420566,
0.128703534018658, 0.144777085657668, 0.631604845022782,
0.466816801716025, 0.599895658623734, 0.773245044781876,
0.678547970501267, 0.597867633986245, 0.675263405308726,
0.876664376521468, 0.650967113799474, 0.727864443439795,
0.648264321529396, 0.797164126119771, 0.776995755316064,
0.725061754015319, 0.87899657201345, 0.910904372541113,
0.931800684638117, 0.931506716370637, 0.89452651897499,
0.902541736043344, 0.877252792863216, 1.00486616116381,
0.960302994810037, 1.01987259149789, 0.986278183677388,
0.931196641148698, 1.12113447150751)
ki_donor <- 
c(0.616580310880832, 0.383078730904817,
0.235064935064935, 0.555555555555556, 0.4,
0.377215189873418, 0.374538745387454, 0.329984544049459,
0.334319526627218, 0.205115089514067, 0.799999999999999,
0.739130434782608, 0.220426632191338, 0.327033218785796,
0.23404255319149, 0.134920634920635, 0.123025210084034,
0.0953671441476318, 0.0877969136777795, 0.153326122228231,
0.0963843185049768, 0.10278917145201, 0.16444020356234,
0.183295146844407, 0.161627267729522, 0.152257077276205,
0.174076057846813, 0.123833688001309, 0.0922359809783889,
0.153442079071053, 0.0794494205758817, 0.133016627078385,
0.149041513266472, 0.147778124674784, 0.14379886555266,
0.0954686136020951, 0.124960998439938, 0.17527211833659,
0.139994584348768, 0.117446081571642, 0.0944708897839618,
0.0879300928454394)
ki_host <- 
c(0.0877141314484856, 0.10440218806981,
0.0804505724486026, 0.0993856954804741, 0.115257625783782,
0.070892838795849, 0.0723127380448581, 0.0990415335463259,
0.0927032216769789, 0.0416396872042635, 0.15203426124197,
0.120101733232856, 0.131967562953478, 0.157174599462051,
0.136393329895135, 0.0881617340558567, 0.0901284233328174,
0.064943896633798, 0.0650614754098362, 0.126403760773048,
0.0590971272229826, 0.0574725274725275, 0.104219948849105,
0.135354539430086, 0.129395604395604, 0.127433227704844,
0.105470597509065, 0.0857787810383749, 0.074525049512213,
0.131130434782609, 0.0602068456045307, 0.111907198908222,
0.107522311942201, 0.108615156751419, 0.129541108986616,
0.0811727163940965, 0.137071651090343, 0.156844968268359,
0.138888888888889, 0.145328719723184, 0.0800788954635108,
0.0817510548523205)
ts_pred1 <- 
c(58, 58.4986482219295, 59.0015835136735,
59.5088427328135, 60.0204630538101, 60.5364819707268,
61.0569372999781, 61.5818671831005, 62.111310089548,
62.6453048195112, 63.1838905067609, 63.7271066215159,
64.2749929733354, 64.8275897140369, 65.3849373406384,
65.947076698326, 66.514048983448, 67.085895746533,
67.6626588953358, 68.2443806979079, 68.8311037856957,
69.4228711566644, 70.0197261784492, 70.6217125915333,
71.2288745124537, 71.8412564370344, 72.4589032436467,
73.0818601964986, 73.7101729489518, 74.3438875468676,
74.9830504319809, 75.6277084453044, 76.2779088305606,
76.9336992376444, 77.5951277261154, 78.2622427687192,
78.9350932549406, 79.6137284945858, 80.2981982213962,
80.9885525966936, 81.6848422130554, 82.3871180980233,
83.0954317178419, 83.809834981231, 84.5303802431897,
85.2571203088327, 85.9901084372609, 86.7293983454637,
87.4750442122566, 88.2271006822506, 88.9856228698576,
89.750666363329, 90.5222872288302, 91.3005420145483,
92.0854877548373, 92.877181974397, 93.6756826924894,
94.4810484271902, 95.2933381996775, 96.1126115385567,
96.9389284842241, 97.7723495932657, 98.612935942896,
99.4607491354336, 100.315851302816, 101.178305111152,
102.048173765316, 102.925521013579, 103.810411152279,
104.702909030535, 105.603080054999, 106.510990194649,
107.426705985624, 108.350294536097, 109.2818235312,
110.221361237977, 111.16897651039, 112.124738794367,
113.088718132886, 114.060985171115, 115.041611161582,
116.030667969403, 117.028228077545, 118.034364592139,
119.049151247837, 120.072662413215, 121.104973096227,
122.146158949697, 123.196296276866, 124.255462036983,
125.323733850944, 126.401190006985, 127.487909466412,
128.583971869393, 129.689457540795, 130.804447496067,
131.929023447177, 133.063267808605, 134.207263703379,
135.361094969167, 136.524846164423, 137.698602574579,
138.882450218303, 140.076475853796, 141.280766985152,
142.495411868773, 143.720499519833, 144.956119718805,
146.202363018039, 147.459320748399, 148.727085025953,
150.005748758728, 151.295405653517, 152.596150222745,
153.908077791398, 155.231284504006, 156.565867331691,
157.911924079274, 159.26955339244, 160.638854764968,
162.019928546026, 163.41287594752, 164.817799051513,
166.234800817709, 167.663985090995, 169.105456609051,
170.559321010028, 172.02568484029, 173.504655562218,
174.99634156209, 176.500852158023, 178.018297607983,
179.548789117864, 181.092438849644, 182.649359929597,
184.219666456588, 185.803473510433, 187.400897160335,
189.012054473387, 190.637063523152, 192.276043398319,
193.929114211427, 195.596397107666, 197.278014273762,
198.974088946924, 200.68474542388, 202.410109069984,
204.150306328403, 205.905464729386, 207.675712899608,
209.461180571597, 211.26199859324, 213.078298937374,
214.910214711459, 216.757880167327, 218.621430711028,
220.501002912748, 222.396734516819, 224.308764451815,
226.237232840731, 228.182281011253, 230.144051506116,
232.122688093551, 234.118335777816, 236.131140809828,
238.16125069788, 240.208814218449, 242.273981427101,
244.356903669488, 246.457733592436, 248.576625155137,
250.713733640428, 252.869215666171, 255.043229196734,
257.235933554564, 259.447489431863, 261.678058902368,
263.927805433224, 266.196893896966, 268.485490583602,
270.793763212799, 273.121880946172, 275.470014399687,
277.838335656158, 280.227018277862, 282.636237319256,
285.06616933981, 287.51699241694, 289.988886159065,
292.482031718764, 294.996611806055, 297.532810701785,
300.090814271132, 302.670809977231, 305.272986894905,
307.89753572453, 310.544648806005, 313.214520132847,
315.907345366412, 318.62332185023, 321.36264862447,
324.125526440525, 326.912157775724, 329.722746848172,
332.557499631717, 335.416623871039, 338.300329096882,
341.208826641405, 344.142329653671, 347.101053115265,
350.085213856055, 353.095030570075, 356.130723831556,
359.192516111093, 362.280631791941, 365.395297186468,
368.536740552734, 371.705192111222, 374.900884061709,
378.124050600282, 381.374927936499, 384.653754310707,
387.960770011493, 391.296217393297, 394.660340894175,
398.053387053709, 401.475604531078, 404.927244123276,
